4294967279,307
4294967279,90
4294967279,245
4294967279,243
4294967279,241
4294967279,242
4294967278,241
4294967279,240
4294967278,238
4294967279,237
4294967278,237
4294967278,236
4294967279,235
4294967279,231
4294967279,227
4294967279,82
4294967279,222
4294967278,321
4294967278,395
4294967278,340
4294967278,339
4294967278,137
4294967278,326
4294967279,321
4294967279,106
4294967279,102
4294967279,97
4294967279,320
4294967279,96
4294967279,94
4294967279,322
4294967279,0
4294967279,519
4294967279,51
4294967279,49
4294967279,47
4294967279,45
4294967279,28
4294967279,286
4294967279,284
4294967279,268
4294967279,21
4294967279,269
4294967279,267
4294967279,513
4294967279,12
4294967279,220
4294967278,219
4294967279,104
4294967279,218
4294967278,217
4294967279,216
4294967278,215
4294967279,536
4294967279,213
4294967279,212
4294967278,211
4294967279,211
4294967278,210
4294967279,208
4294967279,207
4294967279,206
4294967278,205
4294967279,205
4294967278,389
4294967279,336
4294967279,203
4294967279,202
4294967279,201
4294967279,199
4294967278,198
4294967279,198
4294967279,84
4294967279,558
4294967279,193
4294967278,192
4294967278,191
152,4
152,3
152,2
152,1
4294967279,273
4294967278,348
4294967294,475
4294967278,341
4294967279,296
4294967279,570
4294967279,184
4294967278,182
151,5
151,4
151,3
151,2
151,1
4294967279,555
4294967279,572
4294967279,335
4294967278,392
4294967278,172
150,6
4294967279,170
150,5
150,4
150,3
150,2
150,1
4294967279,553
4294967279,560
4294967278,362
4294967279,293
4294967278,163
4294967279,158
4294967278,159
4294967278,158
4294967279,157
4294967278,156
4294967279,155
4294967278,155
4294967279,154
4294967278,154
4294967279,153
4294967279,522
4294967294,409
4294967294,399
4294967294,187
4294967294,167
4294967294,444
4294967294,183
4294967294,408
4294967294,402
4294967294,116
4294967294,466
4294967294,119
4294967278,296
4294967278,151
4294967278,150
4294967278,149
4294967278,294
4294967278,148
4294967279,147
4294967279,520
4294967278,332
147,6
4294967278,145
147,5
4294967279,144
147,4
4294967278,144
147,3
147,2
147,1
4294967279,143
4294967279,569
4294967278,291
4294967278,139
4294967279,517
4294967278,138
4294967278,328
4294967278,277
4294967278,136
4294967278,133
4294967278,135
4294967278,276
4294967278,288
4294967294,1418
4294967294,1088
4294967294,1008
4294967294,995
4294967294,1006
4294967294,421
4294967278,269
144,7
4294967279,334
4294967278,281
4294967278,265
4294967278,280
4294967279,256
4294967279,274
4294967278,279
144,6
144,5
144,4
4294967278,278
144,3
144,2
144,1
4294967278,391
4294967279,316
4294967279,252
4294967278,318
4294967278,354
4294967279,311
4294967279,248
141,4
141,3
141,2
141,1
4294967279,239
140,4
140,3
140,2
140,1
4294967279,234
4294967278,231
4294967279,230
4294967278,229
4294967279,228
4294967278,227
4294967279,223
4294967278,404
139,6
139,5
139,4
139,3
139,2
139,1
4294967279,571
4294967279,333
4294967278,403
4294967278,402
4294967279,535
4294967278,209
4294967279,209
4294967278,201
4294967278,200
4294967278,401
4294967294,437
4294967278,196
4294967279,532
4294967278,194
4294967279,194
4294967279,565
4294967278,193
4294967279,192
4294967279,189
136,5
136,4
136,3
136,2
136,1
4294967279,332
4294967279,188
4294967278,186
4294967278,388
4294967278,184
4294967278,183
4294967279,556
4294967279,179
4294967279,295
133,6
4294967294,474
4294967279,563
4294967278,338
4294967278,302
133,5
4294967278,173
133,4
4294967279,173
133,3
133,2
133,1
4294967278,337
4294967279,561
132,5
4294967278,167
132,4
132,3
132,2
132,1
4294967278,378
4294967278,375
4294967279,552
4294967278,300
4294967279,551
4294967279,159
4294967278,157
4294967279,291
4294967294,468
4294967294,395
4294967294,413
4294967294,178
4294967294,403
4294967294,414
4294967294,384
4294967294,462
4294967294,169
4294967294,111
4294967294,460
4294967294,386
4294967278,385
130,5
4294967278,290
4294967278,284
4294967279,266
4294967278,286
4294967279,543
4294967278,283
4294967279,515
4294967279,290
130,4
4294967279,149
130,3
130,2
130,1
4294967279,547
4294967294,473
4294967294,996
4294967294,176
4294967294,1009
4294967294,1012
4294967278,358
4294967279,331
4294967279,330
4294967278,357
4294967278,329
4294967279,518
128,4
128,3
128,2
128,1
4294967279,329
4294967278,327
4294967279,516
4294967278,289
4294967278,356
4294967278,275
4294967278,272
4294967279,278
4294967278,271
4294967279,514
4294967279,262
4294967279,276
4294967278,282
4294967278,263
4294967279,117
4294967279,116
4294967279,115
4294967279,114
4294967279,113
4294967279,112
4294967279,111
4294967279,107
4294967279,512
4294967279,281
4294967278,259
4294967279,328
4294967278,400
4294967279,314
4294967278,384
4294967278,390
4294967279,574
4294967279,540
127,4
127,3
127,2
127,1
4294967279,310
4294967278,315
4294967278,314
4294967279,308
4294967278,252
4294967278,249
4294967279,305
4294967279,246
4294967278,245
4294967279,244
4294967278,235
4294967278,17
4294967278,16
4294967278,15
4294967278,14
4294967278,13
4294967278,12
4294967278,11
4294967278,10
4294967278,9
4294967278,8
4294967278,7
4294967278,6
4294967278,5
4294967278,4
4294967279,132
4294967279,131
4294967279,130
4294967279,129
4294967279,128
4294967279,127
4294967279,126
4294967279,125
4294967279,124
4294967279,123
4294967279,122
4294967279,121
4294967279,120
4294967279,119
4294967279,118
4294967279,110
4294967279,109
4294967278,240
4294967279,108
4294967294,472
126,5
126,4
126,3
126,2
126,1
4294967294,68
4294967294,11
4294967278,260
4294967278,225
4294967278,350
4294967278,306
